940.0534985917235
1015.4175859701483
1030.2853448925891
1005.22846403362
1026.2829403706637
1012.8658833560091
1023.8375841116632
1008.8684025664653
1007.9826200846155
1007.6633010356322
1007.6941675366847
1015.4334494719811
1014.8026759284087
1005.4304665483953
1012.2823789854668
1002.9725241257244
945.7039954045383
940.9024149237025
951.5783094210934
947.1567541891291
938.5366214924557
924.1650807690727
939.4013398844567
929.995087906735
917.3573143206683
924.826230399985
933.1029803990172
942.9631542544765
909.6353978887562
926.249823550429
936.2686730781404
917.7808271040689
920.3949471207613
883.5297336037462
891.9870658989485
888.8651463835199
871.363788277157
837.9331162688684
843.2800380380982
844.8241235176791
859.6673751164083
823.0803528454454
824.907750287678
839.1501894007299
854.3586110106644
848.0638505661133
831.2661857345855
807.9609787609031
799.1404530578604
781.566657782931
788.4158918819655
792.8638154817271
797.1371864715603
817.1876957969343
767.0036829056668
766.669997729945
749.8861773443078
739.4128852265136
750.2148266368773
750.3314166742736
742.3973357287952
697.6589356652321
689.6134231003022
686.3318786024932
659.9195500005736
672.7705709362342
668.0241814193402
663.9221487949228
647.7250697942958
615.5100718013537
592.0693279000802
594.6851239354162
595.4549290891549
615.6963733870188
610.0941864692232
621.6242479114669
634.5798943430102
621.8690714861544
703.5032163305924
677.0880719367035
662.8983928388016
670.6136231889947
634.529283142914
670.6328080845601
659.8293763796142
652.0994120345594
673.9559364942183
677.787820218741
661.2947498796727
674.235181479223
679.8219756543801
688.8429399732281
709.7071897830241
725.1519053821501
730.730628756692
749.7893296488774
749.7883813063015
745.0164887865327
746.1869962114886
760.2260288719627
764.0496845599519
738.1459658370071
724.7318668233794
714.0223332378293
687.027759870075
687.7573591389196
698.1046171855799
727.5428327525944
709.0864132723285
731.2124777158667
745.3676899597428
780.5377776774808
744.656734504274
717.875866445247
740.7600217958471
743.4070066473618
731.0376451950606
720.5654020622325
732.1386340695767
761.0968771773722
768.7150191396788
766.3507750846959
757.5538124084371
759.6323728654788
759.2259382007567
722.5494552475983
712.7826619295748
702.7747177360807
682.4439880773274
691.3513862942876
750.8881536649017
783.4230424237252
757.8896422146946
762.2072080491474
749.6106016054183
740.8111224545121
723.916351665106
706.7663665325282
684.454605124726
675.7254708838321
642.8184657552016
632.770349681411
628.8035936482764
646.8703300237295
679.8013222218883
687.6197401541984
653.4056759721436
664.465177765671
661.8493584479902
670.9977821496248
655.0952759330472
650.7140385956372
625.5486532023243
640.714582882147
652.195212233037
650.958041926021
668.318196613505
681.3610046470118
691.7015811279593
698.4585686011402
705.1665945466457
704.0042238999163
687.86118795234
709.4184592826764
665.9108068071545
644.8264772546024
656.8825683654078
648.8769746780159
628.4222001390106
628.0303632562848
644.4081053764487
636.0023323163065
605.0099135901203
590.4638578580881
636.8529528472105
627.8083137012162
605.4726326166344
591.1782883360464
571.782385254256
558.5618131860954
558.4402724322869
568.1564676164173
599.9013212484863
656.2264157350663
674.8656221819433
694.901418108855
711.5035261335984
662.0221835231849
712.9742739283325
715.7435861238997
694.1378715892771
658.7932158321224
677.8293220097673
641.220451020835
650.9195209067534
638.3306693115267
624.2227083766819
621.1889787456323
638.8780204589455
664.0453125601442
739.7169416825827
761.3481984469986
750.2155732825275
752.3535229314834
705.7087073408628
729.7575680461747
743.5337466800701
743.2041175850782
723.1774816017189
734.0973972045385
676.3206386009934
713.8652193191268
706.8984220914518
719.4914930750388
723.7270229284319
706.7805908493975
711.727596641939
743.1625703850623
745.1345114917552
736.8728373760449
675.077419044178
699.966444531612
681.1661409855456
690.0760001356387
693.3563877454225
711.6295135239302
713.2550602546455
745.7726283345469
754.4438154418868
714.1341578469918
714.4097677734944
724.0974751414593
712.5479630568999
724.229960466546
747.1841034677707
755.6219081060248
771.4037480116909
786.072975667356
784.6124581882215
761.6280677461967
731.694689403839
720.4482961194151
710.4402796764616
743.4187419466248
716.6461088443259
701.1443935573708
694.0054876107154
712.9732826256662
688.1746972215826
667.978519572859
692.2301657542115
713.3375280811431
687.4763948718727
680.7555458302767
695.2593971476724
719.2958136751342
723.374704004913
732.835929438708
800.9936800702309
805.98696668389
828.4907103133961
835.9438912204769
832.3359626652386
847.6523704534209
854.9502042028859
828.4324299350146
835.0361604080525
857.6024502855115
867.5943344954327
858.9641967484241
859.3761304073367
840.805799019567
841.9827842420891
851.8121804635182
862.6319486824084
866.1524324429928
863.8375956762081
869.4782504929134
884.2999821885895
871.4318986341322
857.749645302567
869.3915515681688
906.9475253792506
944.7456353746226
911.044303885415
900.3834342848098
917.0119151582284
892.0827980760837
858.6204809389621
866.5652186490607
862.0358885439936
896.3795138462918
870.4011135967629
886.8173443299197
895.0871986592915
879.9630194302154
909.7921550559906
928.373625249306
924.3187808146226
883.9490289431293
907.3788355014019
908.0022621962337
861.0387364109359
870.8385685117744
869.5151777180545
887.0164244267892
909.4412630386717
957.3752211413
967.630789847612
969.4627467052132
943.6323248726216
941.2586443242628
964.1581595694407
948.8647568666462
957.287954694065
945.5577795995911
967.7997314833441
935.8484145829688
983.3204856091053
965.3830512037744
961.335568211829
958.1195178728751
938.1178893487629
934.4448799906351
947.9045722437211
970.0080186531827
934.0616536580354
940.5378592840809
960.7079280268995
922.1569357556618
915.1080084924158
949.1023229440409
950.0558252476029
971.9225781851694
942.8097507516665
948.5739018656218
961.0008719522978
964.0686664146524
974.0209373068584
971.0057648131942
953.6622768820729
995.6404842581879
1001.6645826181383
1012.9045838824765
1003.8453539840773
948.0562439746756
951.616278450246
921.9312256535686
937.000903190862
972.4383458283704
1002.6691589907987
981.8330657444832
955.1981651936138
969.2312089875968
970.3366805672845
977.8441219924704
990.0939172629434
1005.2094132511489
994.8603349357146
970.0638370825608
988.7399639734446
991.0374053913678
1021.9651480323345
1030.522807976421
1028.9159770281128
1005.5045053752183
986.1964609750119
993.0179232462004
975.1055385904249
971.7393789244494
1015.963360525063
1032.3740740266346
999.2823295449354
995.2699281790572
998.7742886455352
966.2009330230077
963.2744485283644
969.9572949111002
970.940149489791
973.100368399131
958.1282059073799
945.2757657438129
924.1177681063502
928.7824386848428
878.7529484791082
877.5999246054877
910.303918182907
925.2963900012483
965.5667062216609
939.7340542321315
947.21162107307
950.0270657585207
947.5397896071236
939.1765042824056
949.1546823906672
967.9512708031839
957.0401592501738
934.0099153705324
965.1767063263677
946.1586320445089
893.3055591104005
857.4071898812514
888.7179596640063
895.4669504861921
862.6566385621538
854.737154436923
870.6335940135717
875.1156021916348
879.1677900678353
916.2878387778796
893.3314225240684
858.0345626861808
847.4560065801061
862.5293974354526
908.0100945133057
904.3979055043623
906.9253354495991
911.3624984386632
895.575877495028
930.2855278326309
928.0023821621794
893.3646827551189
912.2554138579397
888.2988840925987
894.7876694830732
867.5176949550912
863.0094274862162
853.158868277128
865.0870935123379
870.8468370867946
870.0973685792088
873.2540800569186
853.8871400285378
845.3575964018238
819.4354613318865
815.1563131973184
807.087438808011
794.8594917482686
797.7256407807301
797.4209152899685
801.3332980866552
806.9179316516322
809.2620239030282
839.9625209894109
839.4012748051462
827.1039135131176
838.2153495904738
848.3690868161999
810.9102252712123
795.5761772011052
809.2775520105282
753.6973972992254
760.3370379219351
753.7041117050959
741.200462780068
731.0644109741899
757.3248181186168
789.2313371688199
775.4565290649554
790.6617526866028
792.8879433797398
763.4463046897805
776.168405238223
754.4962023660902
745.2616332043392
700.3870620399504
701.9693829523062
712.3520844183703
691.4871815042704
678.6791490294563
627.9527257306034
611.4714911752952
611.1019125532777
617.8194943059806
635.233343906617
637.101704692471
667.2415111700318
686.978392161882
687.7035862692356
718.6073738312163
739.2735675228852
748.6790174652061
717.1740452208245
712.8103168521981
723.3962281334659
741.2592181613143
739.4856908329311
727.115597057484
714.4456227283949
683.203025239023
701.4983728215619
727.9637487843463
705.1395255489022
724.4696613378628
702.5289465466857
705.7258714985891
690.355381377248
703.6222558786628
716.0466878281421
715.3939810418213
705.1786689026881
667.9576398567601
653.9959088919305
670.0842257609988
699.5186053874561
688.3356890390476
688.798471783465
696.8135538634252
672.7652705105069
704.0289950348566
704.4176010083361
691.3317305142976
698.772615737196
698.986799731674
691.3955135618723
672.5251941625297
689.5282470228823
662.7893717065418
686.3812598990362
721.0387878005413
723.0489438722102
717.7810761342546
710.3904867043098
667.6653567442653
652.0029241623712
638.7360941230315
672.4212018936387
630.505214457788
583.8559034882248
595.0867028689551
597.6834726251627
605.1364128544681
567.6783399078295
533.1744783685399
540.0178504301667
541.8837759716164
509.0716115803438
504.5202879512269
509.73780399587275
538.873448375818
593.6556620237984
599.2875325388036
585.891706416066
573.1292643148398
566.1361373509064
575.2745296816398
581.8199965238431
544.6384878270155
593.0718927003975
566.1749842434524
540.1396757169814
533.0001449617243
566.1397388157029
563.6157686124913
563.0159281688949
589.2574194197363
563.7524770593154
559.0842730076562
543.6553222550668
568.3323798663322
578.8089595353474
590.115546094016
615.426908008545
621.4875270623369
617.6423642066644
627.2147979649449
565.3733611747653
568.8610227857819
579.4029607327443
585.3342523138431
606.2459088025238
611.1084920095426
622.8360046250607
639.7582090838805
621.8630101273803
625.7708226613983
610.7958790659968
578.7853463764125
559.531316291849
546.3608882324826
550.287857414718
576.5098781499076
553.1743654192733
561.6277705717719
581.3097711003882
587.2830947285472
608.9551009673754
588.0454602857019
613.5424894850105
601.5683583092504
605.5212347670745
612.2022207070218
614.1063045257107
635.7002387249883
614.1555244047714
597.9759150792319
617.7377481966539
603.625700435415
668.7042985668714
630.4572167330058
635.2358209976883
599.2897550172119
582.2599473942614
574.1440748389803
570.4142457177372
582.8857095141578
569.7531780895674
566.026287024523
561.7209696198261
559.374901424421
569.1996598657935
611.132401902179
635.4484929661812
636.3434932850342
631.2711605611056
639.3998744442875
649.2770412284405
648.6332507871764
666.5754158747918
664.6097427358344
640.986895883365
675.9457347597362
674.3581895991857
674.7827666401192
687.9837713199144
664.6035046959287
676.6716782915989
709.5838181170775
644.5110586941918
615.5009448916023
566.6297902937293
580.8384004774242
571.9524546832888
589.5980604748441
584.2061196153745
596.4352975694192
665.0903924828812
676.6472193654859
667.5246867307688
633.4849185327579
645.0982086051317
671.9898782743711
634.6551254749352
626.895922903024
622.0053729352328
625.9749395407215
614.1742756651358
583.758279655457
607.7178135659525
628.9296737999656
611.773769753369
590.3823297596826
585.9783635133383
574.8331483380866
578.2204375736596
552.3846565684684
490.32627085800584
517.4456640125222
507.9884504962975
520.3397384023765
530.2544063818681
511.4058394154314
521.4149793730078
545.2691837959012
512.8850858511458
500.4106199928406
511.2659572235081
525.9672308156748
524.051510653114
541.2757340972091
557.8531468436836
589.7952931399168
593.606874420886
570.8418308118553
536.9760899201035
535.273385240259
512.6811336015141
518.4151027433924
509.65422191381316
491.28034877288326
481.7642951568009
477.34455068731313
464.356780295391
436.528893184228
414.73482936631433
416.0402249950805
420.4602903467644
435.53568862039725
458.69377798971044
440.0697815360235
427.7895598663909
431.3998135769213
489.3942449749493
485.8892805573821
489.62255374212845
490.14871335556865
461.84449439842973
456.3313779191958
465.13269047568195
448.59046611754616
453.5344297632532
455.5074360979953
491.3780091024593
478.19727673271933
492.67196526019393
533.6169299650517
547.519470736277
527.5071248870598
524.7728299764643
580.1155331647074
602.5159598180503
592.0039048576474
560.0672072467105
519.6012432033934
512.6631039145701
502.0620736710355
486.23743276124685
511.51484944852456
502.4662811370287
516.0507771682937
551.194770042543
523.6548939373112
563.1411074993318
565.0777537216993
543.7403527404882
556.7524486009631
532.7447473000803
524.4513281900698
519.1268083750942
501.3371706747696
487.2999408428155
476.78458714968315
443.0291058067199
439.27939853579574
455.45280121056925
450.0348379514483
481.2559078110679
479.73442124174676
493.4208423570233
509.58773234943396
513.6565890277266
534.4655600561545
504.78967471677237
503.92675448381414
515.5951401376204
578.1887641907051
596.4397211939593
615.1557770738169
641.1996232015454
643.878373693295
642.4525538677515
652.7348360861417
626.1661847168026
652.3182851929417
664.1651348783349
649.5904815691024
642.3491465605109
665.4267274520013
661.6433274430444
656.1716260708067
644.4582312975298
646.0799980560438
668.9760654865463
641.3794807212591
617.0116863423206
606.2707542306622
630.7691940843705
593.6228446550601
616.4676123030373
607.3488161565075
606.6728549995728
668.1411883202944
703.8243821453101
680.9546937512249
687.4461615016735
689.1811996848478
686.695197946357
680.2986606428935
679.7052026521793
673.8574501579002
650.7397347448122
666.8964666814644
653.4632702579391
632.6744896716937
632.6258415336574
607.9065360402684
586.0383056685788
590.4390639370291
594.9197169669675
570.361970414867
535.4857420998449
499.3174461400894
446.29141361532095
423.1580865457704
453.4556266731693
462.51029388344983
461.13554656148455
449.48692190285647
471.24498640145885
469.8677967543567
438.66765216501125
448.3649127847584
468.62295828175036
411.02324579330497
415.0505046102569
417.18551395394957
415.51087572351645
405.95045639781193
414.8158576818205
382.98701565898295
415.0196968644484
409.00996875363944
397.94034290900294
428.3591448912672
463.6229407501018
460.4143567951026
453.6872942636817
434.34864106688605
433.083635811872
454.60202732993633
465.83604686752983
449.29302949448476
432.5576920618907
428.53408141777277
393.1740040231294
393.95600963290224
394.56345352231983
437.97812215673594
451.8820298545046
496.000970019415
497.67842028188653
502.40193368254705
495.2427558228028
467.64822409903786
514.4168312336404
528.043901030647
535.7047659720581
509.0707952232717
523.0449033428139
548.8318324315898
543.9517989461182
554.9394401845531
565.5014277787632
551.6240268263714
532.345080051921
542.2733975071617
536.7224028068025
537.2391237704154
536.9318271984512
518.9690535605257
516.7529072506501
459.04877683107975
458.29028206546957
478.10318196402136
479.23400153397876
424.78764523501343
441.6301009848931
441.85158823483266
445.97884142126327
433.87503568949927
430.6400511935291
440.18564205961906
461.4774101587775
440.5665492755586
459.55356396096585
465.24388281024915
462.50862465706393
450.8732519097088
436.02597856390554
438.1356001775971
462.0209973962342
466.6957257993137
467.3133882827325
473.7656013834429
454.4254260408142
435.05180131662956
473.21249759664994
489.02507439783875
471.4235781343926
481.95654853947525
500.3480717071945
495.2032891137182
488.0878734212138
507.26903857351414
497.51423647084937
456.13954645643184
419.2206221314795
409.7474391155345
402.6626760478468
343.54481226469164
326.8964846162684
356.1499407582337
378.5691440629787
374.1793506477622
372.9632543649916
390.3646684340404
361.57290439647846
338.3292244133393
305.9490661522526
291.40617963081155
268.43638211879147
235.99416509557614
262.1809764822468
257.12008182781483
266.8609564513711
264.0520989758479
280.96250324406304
268.051441046792
256.9731037689835
231.841909435279
228.63284656991436
215.54521675094642
194.84276493555535
234.07016932508995
244.74607152227537
242.23046021541657
225.4564334965996
219.45833895517325
224.01640525158163
245.75090706506475
217.0367399001049
190.2300049466185
205.6910590015538
219.76574546638233
229.00042527500327
262.69346931809423
271.4045185382206
263.9056131041564
255.2604294076364
258.4761725928093
231.38638559575352
244.4538016523705
247.63265096023912
234.92709313642575
242.16467663194152
244.2056455252822
252.2534800336762
234.88222487372266
227.22808838707124
285.03562707508166
295.4230467107674
302.47930218003023
282.7357304122565
277.83936436741357
284.6908089204222
294.6857239287796
291.6142166735359
309.2869977728412
312.8902709435841
288.6857566657634
299.44233360432656
318.7093834614686
308.3217306021856
311.34923921605105
318.62430664968474
302.610822160384
287.67558330255895
288.11944646326583
289.5777946869861
273.0509112360061
301.14721588772255
328.9354679553905
331.87180054597485
341.62791285232817
337.6241093587019
338.5116539736863
334.74294716942234
357.65147778142733
367.1883957778334
347.8772839139696
396.1816160963566
398.33043297892806
417.9790760661518
433.00984364095575
411.83733048014665
401.856798303832
406.7553961702116
408.48465785631106
421.9997616395537
431.38878200354793
464.0328690125047
467.21735461711955
490.9183099162874
503.3534398072195
514.8507650685704
495.28768381088514
492.99370835466414
442.86774305330147
434.72185422910377
499.60856361066635
523.8116132191639
471.01095834221184
472.07164583655145
459.23932132361057
469.89448223168483
444.93856262418194
432.9988264081746
396.86025605654737
364.23816744123104
1820.8110731880215
