210.183425
217.6938141
217.2699094
217.2083029
214.0631749
215.510566
215.5217504
214.8489372
217.0867901
220.1688525
228.3118171
217.2216649
216.5747823
217.9085245
215.0232993
216.8794042
216.550285
216.7881951
213.3658158
218.4753185
222.6200281
214.3497618
218.6544005
215.901261
216.5423196
214.7643835
213.6687034
214.9824021
215.9685405
212.1359508
216.5612444
216.9001365
219.7444635
216.3188745
217.4648196
216.674754
216.8623073
213.1357916
213.0102283
215.2922573
216.7639011
215.493253
216.0155589
216.0725544
217.1661846
215.6398033
213.1783606
215.9502982
213.2240383
212.4805678
215.4496466
212.9417208
217.8705465
219.0169655
219.414958
217.3060722
217.3137111
217.3573736
216.9850171
221.9107066
219.2503954
214.1727548
213.0351435
213.7180829
214.4921524
214.0588506
217.6652333
214.8743014
214.8258143
216.8803679
214.4222722
216.6652656
218.3432485
210.0328828
212.9026868
216.3222159
217.7205854
210.575623
212.8739651
215.8587871
212.8962721
215.3686132
214.4756096
215.6187024
219.0995417
216.2381697
213.8252851
215.5217567
215.0488616
214.7267289
215.8320082
212.5121934
214.8164203
225.3863513
220.4274745
217.8609228
215.2467771
216.4235077
219.8343066
217.5626406
214.56643
215.3085368
218.8773254
217.4272627
216.2593283
217.9966936
221.3775895
217.5894929
218.10072
212.9090142
215.1808478
216.154689
215.9647849
218.9329694
215.5573183
217.4450012
218.4200601
217.0226351
214.5563907
215.1951376
215.7388196
214.2873303
214.7779225
215.3291492
215.9686447
215.2586745
216.9148914
214.0756112
212.9808732
214.2393925
214.3558971
213.6337615
216.619226
216.0622443
213.9605102
214.5839844
214.6864546
215.2277603
215.5641356
211.6312609
214.233669
212.5012117
214.5736551
214.9279989
210.9688482
213.8645411
214.5668984
213.0514838
213.8648416
213.9676582
213.2711544
213.1036196
215.276711
214.0482135
214.6420675
213.9477667
215.8281809
215.0875285
215.3392264
216.3509802
216.0166398
215.4034169
217.0557531
216.4349045
214.0179816
216.7564397
218.7694957
218.1900141
217.3828858
213.4137508
214.7099729
213.6834701
214.4768264
212.9828123
219.022677
216.0977203
214.1584102
215.4991754
218.1544312
215.1373489
217.6002316
218.8040663
216.8242919
214.8860451
215.504097
213.24011
216.9678128
214.6318451
216.1847549
214.2507052
217.1002819
218.8862783
216.1593798
214.6280045
215.6974728
215.152709
213.1575903
214.8276983
216.8943098
216.7457846
219.3047511
217.7586782
220.1926552
215.0093845
217.9174792
217.7449883
214.8401067
214.8810661
221.2347428
214.8725483
214.2628548
218.2822613
216.5564274
215.450753
213.8372143
213.483017
213.1319133
215.8673711
215.7124129
213.9969422
215.0272042
212.9627178
214.5388576
216.8142975
213.1485687
212.4809539
214.9363977
216.6493191
216.4950894
219.6165843
214.806369
222.6477386
220.0864672
213.4454144
215.4355403
217.2265596
215.0809774
216.5117919
216.9308311
219.4126076
213.4444949
210.176883
212.3336306
212.4407044
214.9761593
214.926803
213.9561884
215.3519828
213.5163724
212.8500199
212.9031382
215.2334543
215.2865611
214.5978119
217.3488249
212.7231244
211.4583452
212.3148182
214.5930379
214.7483958
216.7584349
219.9960387
214.7954854
214.1291299
213.3859259
215.0915895
212.7314338
213.8878857
213.7321915
215.4233561
215.2936899
215.6238512
215.7776991
212.8187704
215.395386
215.0280277
212.5333943
215.0009884
215.0060395
213.7661408
219.8520408
214.5130819
214.5173067
214.3771693
214.7267217
214.3067136
219.8739326
216.6612586
213.9946761
213.2056345
213.364157
216.5352264
212.8912217
212.0400298
213.7785883
215.1589939
212.9845539
214.8958688
215.6471297
214.8680641
219.9708162
218.6818176
213.9749526
211.5932861
212.390424
211.6997977
212.7656199
214.250885
213.8642095
215.6751447
216.0889457
218.0513984
220.281047
217.7135737
215.0265609
215.942499
216.9398503
214.8796345
214.9051217
215.3393314
213.9013501
211.779355
214.4719822
214.3246498
215.4732266
215.2202797
214.6080219
212.595792
214.2476196
214.5567887
212.6916418
217.3042855
214.8701103
216.1126163
215.837239
214.313559
215.6306573
213.1653836
213.7570559
214.8978685
212.2733204
214.318923
214.0818999
213.3535849
214.0220566
218.8641396
215.9532677
214.9847664
214.9758937
217.2940993
216.3011013
221.198673
218.0361712
218.9631773
213.5653821
216.6980267
212.5310648
219.8039285
217.2763774
211.8492215
214.9823741
214.9746757
214.5048958
217.5759121
217.4129674
215.112867
216.3614947
214.5610785
214.5119929
213.5313945
214.6498626
214.5818582
214.4029161
215.0669409
213.4861273
214.2563145
213.028083
215.3868938
216.7554915
217.0229781
217.8542585
215.6398499
214.4448522
214.8127823
213.7144595
211.3877305
208.068527
211.3080487
220.1869191
215.8261222
215.7833598
214.6768655
214.6758487
214.2306813
214.4377633
212.5430255
213.7866048
214.3602829
211.8908037
213.1293864
208.6789434
210.2555593
212.0026321
212.3882239
215.9168132
213.9043376
213.9599681
213.3869606
223.8019507
218.0482933
222.1203893
211.5158732
214.2412796
214.4470273
220.0311658
215.4154218
213.5981316
216.3171801
211.6036227
212.3284683
216.1224996
216.9545225
214.0891972
214.0338213
212.5640749
215.8134342
216.9429736
213.3264038
214.9599831
215.237309
216.7758781
212.8387095
213.4526061
214.0639219
212.8563988
215.1162542
219.0912994
215.1068322
214.7191663
216.0317106
215.7131072
214.2418015
218.9348992
216.6300693
213.3411728
213.1175454
215.4778436
216.4381522
213.5878819
212.0928619
212.0818055
211.4117248
209.2115462
212.0071712
214.1919773
217.450522
213.0449417
213.5751027
215.4203109
213.7801994
214.0524774
211.1271434
213.2365832
209.9456262
213.8828486
215.527253
216.9173829
216.2663778
213.9208813
211.4445966
212.590227
212.9296415
215.0641836
214.8463401
212.0262371
210.113363
210.9192487
212.5583698
210.3392342
212.9737022
213.064483
213.1223308
213.1827988
213.9762996
213.4649874
214.1792503
211.9521162
217.0475705
212.1645927
215.2424114
212.1590188
212.9776523
216.3464758
212.1032675
213.8554102
212.1628783
209.5983094
210.9754677
213.7771232
214.6421757
215.3554934
213.7731201
213.214639
213.2340655
215.9931456
216.3976179
218.3777417
213.498212
208.0832563
210.7810301
213.6838467
213.7603585
211.4036571
211.1995162
214.7819575
216.0951374
213.5894928
211.3074075
212.3679447
210.9751003
213.5621463
213.2173542
213.1041801
214.2740698
211.6472006
211.1269494
211.2302155
213.787411
208.6118296
211.2404836
214.7651388
213.8809665
210.1565813
208.9721017
210.717151
210.1778597
215.3670931
213.4931807
214.0765431
214.3543073
215.1775833
212.8982991
214.6631937
212.1644391
212.7886142
212.0534546
213.4150648
212.1246098
211.8872121
212.4872638
210.3916863
212.0460058
211.4300709
214.3295052
211.0612013
210.8779725
213.8835183
213.522354
214.0511211
212.17648
211.7088842
212.2198419
216.1111178
216.4585864
219.9621435
212.3913585
209.5801017
211.6691828
215.4635963
209.9255898
219.1735913
227.18584
211.712679
214.9826537
215.7090062
211.9710645
213.350713
212.0264393
212.3353091
215.073794
214.3098698
216.1350506
217.6292735
214.4733636
214.576957
213.7799468
213.2443036
214.6651754
210.6284448
214.5745566
212.336318
216.8100906
219.0751234
214.0823478
212.8437896
208.4480545
215.2347467
214.6747544
214.6290393
213.8924208
213.9525839
213.755763
210.0915294
214.5422805
212.0721423
213.3393559
214.0693878
212.2106285
211.0213474
212.3278721
212.5131668
212.622084
212.1132378
213.3904585
211.2847558
213.0069398
215.6561047
210.733812
213.5807801
212.88997
214.1171293
209.1854561
206.7166379
208.7857095
213.3236549
211.9601227
209.4309542
212.5755126
210.6397509
214.245403
213.9005183
214.8864076
214.2267542
208.6164822
211.5153554
213.1753284
213.4124347
213.4783272
211.7645793
212.6683254
213.8453834
213.029357
211.0789377
212.7863652
212.7944639
215.234424
212.195541
215.6631459
210.699913
215.3727978
212.7941446
214.3818975
213.2255254
214.5336518
216.5884763
213.3798
211.0918141
215.2281768
211.5660173
211.6637069
211.458725
211.0431503
212.2603537
212.3729773
209.8050447
208.4959689
212.2826996
211.5225076
211.7695916
207.0035804
207.5030318
208.8812934
210.8987289
208.5298364
210.5757811
212.2867849
213.5326234
213.4748219
213.6673342
213.3305465
212.6077708
211.0483096
210.8982679
209.5505402
210.1812263
211.2590681
211.1980575
213.8443446
212.7262929
218.6610451
215.7615926
216.4758336
215.0977118
215.7260717
211.4732319
212.2526381
210.9858149
205.9832217
211.7071064
210.9876067
208.8623583
211.717829
213.9086294
213.6992175
211.4144156
210.3739708
214.4932241
211.2252363
212.9598065
214.6125294
210.244993
211.4977638
211.8822874
212.0221779
212.3626341
212.6567135
212.3582303
213.7957874
215.3323696
212.1927476
214.153161
213.4185678
212.288312
213.7128329
212.5426354
213.7205304
213.7272829
211.9076072
209.8642037
205.9866303
210.3635353
210.9151843
206.8895235
209.9189125
213.1026271
211.9883688
210.4617107
210.912234
207.1295836
208.2451581
206.7059127
210.4798748
209.4157319
214.3375264
207.7989629
211.0775772
210.2684325
210.9165613
213.2925336
208.9750974
213.1774991
214.7412677
210.4750221
211.8853384
207.3688013
206.1929816
208.5116985
210.1953219
212.3846166
211.1062182
209.8934855
209.8440371
210.479277
208.3114467
208.391534
212.1944661
212.3006831
210.879858
213.7670952
210.3407672
211.7881772
212.3731779
211.0850711
210.4373061
211.2808053
214.0352141
214.9427643
211.4821157
211.6942661
214.9123683
215.5308969
213.7792537
210.3903935
213.1853551
211.0706255
214.6908082
210.6339643
207.6360824
209.4521871
209.8336932
209.5443953
209.6517328
207.1933004
206.305561
208.7933687
211.8830772
210.4432995
213.0077665
212.8341316
212.6333573
210.2952256
210.6438495
210.0295363
206.4170083
209.416119
209.1217709
210.6831686
209.9987538
213.2629088
207.4704686
214.2999196
214.037345
208.585458
208.3535188
215.4038052
212.2304424
213.0094983
210.1099809
213.1677566
211.6313101
212.8561173
210.5856189
209.8981874
209.1393404
209.3451979
208.9350716
208.3418699
210.7840168
209.7057179
210.1224201
209.6923485
209.4954541
209.7642916
210.5433055
212.4506576
211.8696933
214.8200685
211.2249962
212.7935884
212.4289443
211.5524181
210.22684
210.9380079
211.8482274
209.2758121
210.4625546
209.5034122
212.7909501
212.9349035
214.3375349
210.4686146
209.2600824
207.8854837
210.7223468
215.2725697
208.8256993
210.8296757
208.3778799
212.2843271
208.1956221
211.1068541
212.8083421
211.4254385
211.5089322
209.2710629
211.1412109
211.3852325
212.5714475
213.7320316
210.7447795
211.4936498
215.7966203
211.1833514
212.6148372
210.293967
208.8142904
211.9278293
212.1276111
211.165627
212.8268778
212.5900076
210.679791
211.903008
215.4058193
218.0926463
216.6368718
211.9011688
212.4670073
211.3420477
210.7079166
208.8130738
213.4931686
215.9650165
221.1672016
213.4637361
210.0528796
210.3628984
210.077671
211.9109248
210.9476434
210.9372154
210.3415622
209.245203
212.8636228
208.2683878
209.3225784
210.8612464
205.5457033
206.2044565
211.9063281
208.7781043
214.5676126
214.7415285
212.9323884
206.589083
208.5079519
208.1454828
206.1650271
207.9220697
214.099187
207.8818184
208.0702692
207.8305556
208.3286739
209.8363092
212.6695238
209.9361165
208.9602809
207.2136933
212.9419762
213.0186946
210.6714117
208.6958625
209.8245961
208.7051912
209.0870342
210.2832642
208.1768809
208.8015979
208.4195521
207.8050173
211.9732442
211.099767
212.6882092
208.6712154
209.3059998
208.7209677
209.4450588
207.2693445
210.0394138
212.2971987
212.2567743
210.9740601
215.620015
211.9635671
215.3316615
218.062115
210.7600581
210.3823936
213.6067874
209.8719657
210.1960723
209.1609348
216.4257814
209.8812436
209.4455834
209.0744634
209.5391765
214.7189636
216.5646497
209.1366542
210.5501222
211.3997172
212.2642412
207.8648635
206.7534683
212.6039865
212.0430071
207.0330789
205.321839
210.262426
210.429746
209.937461
210.0356696
210.1240079
209.9336904
208.7662851
206.6746783
204.8749592
211.2983141
210.7453333
208.7794997
208.2431736
209.4744144
209.6188785
210.7222285
211.159193
207.5447282
209.2255098
211.8222024
