906.9056
991.5551872021202
1022.7303174434733
1019.5913023657663
1002.2307280692847
1029.6279154184099
1014.9935071518336
1007.2198950890888
1047.5174793269089
1007.5525700647355
1015.8288174232621
991.1122462822598
1018.3458216667389
1022.7977046422445
996.7338026144301
1004.3252883378029
976.9336956946079
947.5869244872468
954.499332955323
953.6859983170901
956.906859268348
900.8296443080314
939.3896307549252
943.3255055056885
920.7941292834942
943.7259182984191
917.8333409047792
935.6344964592156
940.7345629267
912.3773501356492
942.8077510312062
935.4258198529639
914.5921972108833
889.2199354257582
906.7053762808725
886.0220971696675
882.464752658272
849.510262402351
856.2964242215627
847.4363623718093
852.9545846949346
840.2005329970553
824.149229424445
823.6161715176818
847.6214681138429
861.294099140444
828.8639856730144
839.5022732865532
796.7767638533488
776.06291206366
801.5592151444534
783.6989855172855
802.3788047939512
808.6998419453688
830.5592839261279
772.2412791323962
768.9553335088633
749.7488167714688
742.4595047447866
744.9911464948407
749.1542390615754
738.5350813594137
694.7329754045292
664.1624716572575
694.7957870426603
669.3464994300602
675.8786799515335
678.1167074586498
654.0744223369447
639.245129115904
620.2590214039127
593.0733602857628
606.2554577219694
581.8066813013462
607.3509084756163
606.0750540862362
616.9897890369522
594.8901422382829
659.9980425862815
697.3845251786277
668.369478568706
663.8772351185753
658.0659409266933
649.8611571209266
682.2116926174235
666.2883009241112
649.010835250766
689.2095682613083
662.694338322681
654.3414467573989
692.0094925740544
680.8859020161312
698.4931940157065
724.2067246825519
723.7351588097614
735.7844570337081
757.3033936816639
746.0101401181197
746.8464413524226
749.4473267668673
761.3420601966723
748.3499809117794
762.9368459801589
726.5890186116752
698.0135815868434
691.8505012480449
698.8772208803792
690.0204029163312
723.9324170379014
702.5212934631046
735.3451099375033
765.1195392702798
795.5084608489337
722.9767475855803
725.2576134098305
736.9529389058465
731.7621074618181
730.3713044940149
722.6299679465441
737.0698375221555
771.3159851596502
765.7204272829758
756.6711186192182
764.4277209955242
745.6902533288958
771.5449689925417
730.8881040590305
680.1284516643357
703.404456737171
691.1804412815692
713.9155052624825
744.7594361207874
777.4004620780446
761.6076298087818
737.2133373670661
745.5774639022203
750.4088568395018
718.6026972193997
693.9569949752176
669.5107260775945
674.0800581118062
636.19175202942
635.5874883938404
623.9585593559933
649.5570181265233
685.5762790219231
668.5400122512311
675.1613821682964
663.9382063747848
675.4277600034494
667.6238124723943
648.4648604555388
626.864412424899
636.1493015903266
644.2172460183888
653.4585592504254
657.8772652064594
675.1250456612963
696.4519767308244
700.1038294796194
699.2550409779485
687.7213207858077
699.13068238009
698.3309313265106
676.1451326017961
670.4857874271419
669.2178426006064
660.3332033870446
624.4174853569473
616.8189749362787
633.3799127570134
613.2202525234864
629.012255359602
617.2948344755955
611.9797867708437
635.202770444366
637.4364014550347
597.7458938621452
590.4291831261634
572.2881249941361
546.8585790714355
550.2224848461512
568.2097356942116
605.2676521981967
648.7481003126032
671.0939409669171
712.7059469584578
667.7585619127827
676.5262377140548
706.090062712117
686.6421854044937
649.9444543353987
688.7817890363975
660.6816397386882
645.6156469100539
635.9336776087672
593.6231639325337
613.3089960807454
639.0895803044004
635.9177533111603
705.7148252257625
760.061773474137
763.1821167210466
749.4028725805905
715.561977820952
718.3351148346283
741.0986023859955
749.1616508514049
733.3201423180565
743.1024738389053
717.7228997658718
681.4853597000193
718.5046946783037
713.845985940717
707.7782384420883
713.0439053165315
726.4797651241213
736.2170071260631
740.4301081931571
730.7722950104067
725.8132662619973
716.1178684356437
688.9928818507942
695.7418161529612
679.8738694254009
697.8343642117271
716.9925722260733
716.5647213434047
757.274359207106
735.1010669352432
713.3716333075702
699.0280070471409
728.5021160876664
683.9082774672581
745.4932300188309
736.9154237482846
785.3478004104082
780.1239209987222
773.1768539072026
774.4748282125754
741.6646755063106
725.0651385077374
703.7043497465982
727.41753439007
727.8006516555533
724.9566986853117
698.1712109066353
727.837607063636
698.6003334529701
697.0466621915944
679.9962828566601
708.1218477009089
699.0701054135527
694.3590154966631
713.1363451079114
701.0083741871088
715.5740619051456
733.0591767384135
759.1086141680937
799.698701958606
836.017514456066
833.4774989591534
829.7692909871955
840.2747230084142
864.7570500069274
863.0707044287207
832.3472563156522
859.0071834178648
858.6400340935171
868.4193471969168
874.8677569830056
849.9316073248275
833.402589736906
841.6521900030267
869.3959101360375
871.7952600995679
859.6385192718361
879.1729055610799
886.7509184313822
877.9910037847661
877.7651551345116
835.0593692100904
881.9967024623255
926.0050570234368
939.0535536197577
898.7792044447158
902.4462314404627
919.2737714775521
875.5861314477053
852.3840628669087
872.0473597140702
879.9799868396525
875.8523499611557
871.0882842324451
896.1200164059766
902.4286680551824
887.7884016232827
922.100277773483
927.3787771423952
914.4515222150656
887.3634664110843
916.3670323328578
897.9882965888191
840.6405880526916
858.8430267323563
885.4013405413633
870.1038173603453
936.6327759414044
958.1852452251703
969.8709584219433
950.8463239347188
951.7010707912997
943.2462904721363
959.6890256745025
956.42977800696
953.524951755196
956.4618909495913
928.0190982858802
964.5907368140903
976.2028960870338
955.1675656162132
943.160333659461
957.2863502450425
947.3943165321405
957.0869986234106
943.2896227547534
950.0158889196948
931.8722629284102
950.9739579586796
967.6295107070007
903.0630351778432
930.3047300988388
934.9468666592492
965.1310759434286
971.0690093741829
945.9323235056281
959.9937944239813
939.3071811743699
972.1309633151908
987.3740599321567
956.3139459277272
971.161418923865
1004.4766859004284
1010.4737262583453
1009.8145843308483
970.5723623174381
962.5416103393745
931.3014438648469
943.1364869571959
949.146756858397
1001.9668977954295
998.6728786899731
977.6936217836932
959.9173355786015
972.3487986937964
950.8816497255904
964.856296867933
1010.7752761300736
997.2026994735553
975.8469726745228
1004.8383530653291
996.2653304411441
992.3086114021311
1036.8471697379186
1033.2998454433682
1017.9200656652484
1015.685590391208
992.9139698268839
991.9980193784977
979.0304627481709
975.048239847253
1026.08183926732
1007.0329525258055
1020.1232647159991
997.052700068049
992.5609592692601
958.8540978622767
976.6295777961537
983.113171317665
970.6459441965446
956.102048645439
955.9982453659006
939.7084271352835
920.642030072771
909.9935041568582
900.2569013232969
877.7638717311505
911.2319132712255
958.0627209247642
947.1358354699895
951.4926511948213
948.824023761006
929.6661294145147
940.7817329935183
956.4969250611788
956.7503615129245
960.1764689502982
930.1352468184008
951.5302521452438
967.1567900857118
912.2353193802687
894.9531736564121
897.475006435116
887.1909623688996
890.9338609473434
847.319359305873
861.3985020106858
854.534047848243
865.4708946523592
894.1180251513425
923.1576689397909
871.7734618678865
881.0081322373627
855.4257163584837
869.91968982303
907.8084306558321
908.181323425876
906.4146596251211
919.1933117297978
915.4251350201961
922.6725103467463
901.4914600455863
904.5761402902078
897.8920053371065
890.4795224155974
866.2320770266373
870.1671421532782
859.202102920303
860.1532529041808
869.4053455631791
871.9825777604051
862.5924958262293
863.9141595677007
847.8418601761863
823.1615847574471
808.497433821012
821.9417468196577
824.8001896762556
809.6897721674087
809.4095480196987
789.8062626300871
803.1875407525872
807.6344478586836
821.2165582309223
820.0369540342
836.4366547110884
832.2957612264485
846.0286869839952
835.223428580156
796.69099501948
804.3085661946538
776.4607441729171
739.4626069286077
752.1971958630199
747.4665446070277
731.0223724740878
753.0627820538141
773.7275478337218
774.8959522047182
771.072760957551
807.3073733680984
782.804746782484
779.6627979053197
736.2031294141955
754.3989821464779
720.6250160444416
692.3619235792215
702.3832628799532
704.6985710130409
676.598893886432
635.4114931598924
617.0369711138196
578.6735581753039
614.4467764097803
649.445011805694
644.3742050335529
663.9923316835067
671.9942044144204
676.4732039886541
716.8409562685518
724.7123441324302
740.4900259681835
721.4633127845117
735.4710098212945
720.8703297987327
734.930530574509
736.0734906823723
745.3073848976337
723.1224878963482
705.1623169257559
697.912760436539
701.598734402603
715.9491343358345
708.1513212485734
705.5086309293464
706.0341267774526
690.5451384472789
696.5335388184006
711.0112063485002
714.1998595817518
705.4399132199594
680.6095493526569
657.6438382172447
651.1359157204937
682.9276876283053
696.0210601279978
694.0649788798556
698.5215702318538
664.7280704876998
690.2597248206214
714.6724986158214
710.2112334205123
686.4701232482669
689.1256520457846
719.6100326899846
680.3053540487437
702.0726503467107
686.1971336760136
701.0836325485506
704.8955224940768
731.5976674897198
714.7101536539049
712.4737017228925
701.7078900635776
676.6166314780968
649.1505951484021
651.1971126090908
649.9627241302936
604.4570013259313
595.2024174492135
601.8651007979488
598.071914555461
571.9176235147686
571.3264348709408
542.7485397597078
528.2984647665819
532.3134179853816
495.30478548157237
502.35773426222886
528.9550123726091
551.1981616654565
592.3424376603637
608.1195120501196
578.0523159171248
563.4111781188338
562.0441250568886
588.8788335615948
551.532141372306
565.5990293189367
571.6008213263888
544.7009517162904
535.6318886877733
558.5154381529234
586.390169688724
566.1875897138879
577.2089717992008
595.921454551838
560.5187386815224
551.9040566917529
560.4749401315617
574.6541750130057
590.2028289221364
614.9188023228735
630.3596813055702
631.7063355982095
606.5892696812047
598.9594817972737
575.8828753994131
559.0868274271158
576.7449173580757
598.933597750634
608.5589881598427
614.3359794038923
617.8824476702806
638.4771486197793
629.6724183512014
612.1817933175108
606.181154590853
549.9739950049122
535.7352994629479
543.6687346853241
559.9598251260053
569.8264378685981
559.3093079307642
558.9294585179555
603.643512894816
593.6531997628191
593.353335504904
607.06617953787
629.784179556831
608.3949913826556
598.2326222108945
625.3581505493097
620.4516177359
615.31928655373
609.3409386091927
620.5905970186645
631.158583989795
634.0543722066983
638.2520175618688
634.8008238695483
597.3147551896071
582.8882997898471
579.0957422432879
563.2464165038742
582.2033392359203
594.9759917640012
573.4819340082838
579.2402855665083
552.1929525210757
579.7364462947254
602.436399442159
608.8399106054173
627.5629978361143
648.6472440492214
641.663929369519
659.1886873526927
635.4423259525795
666.0361585549126
661.533891549677
653.8835771378195
647.5199576306223
659.8375295154932
687.7939257033266
695.4362483823281
665.1476042648721
679.3887322336544
699.7848161287725
681.9660077220324
627.4723571628836
582.2757662135409
583.9349317915031
561.9013878692458
569.9637418108406
606.6154090244697
610.6903442868544
597.4237944434012
665.438181594898
681.271806190794
663.1620694514037
628.8779129662823
648.8684988248566
650.7413686838311
628.370557780626
629.6206165423259
619.9032539867114
626.4852148998974
615.4179534191389
616.0596710823535
612.6476109430289
629.8226928662882
610.1165286555661
588.8368033583711
599.5730507240725
576.8792056554612
572.5841888031143
512.9344800979566
497.3212253650309
505.81569776436186
521.3023484663784
538.8481503880893
534.6441461976922
510.70132984559586
545.4197255308842
518.1256393657634
512.5584907283085
527.9052269615482
507.91766385103466
524.2738807367875
523.5421966397478
533.9405804778646
544.0236543670015
599.4488923377161
566.1412493088447
574.9602930402461
551.3306735056497
512.2130125695713
506.1515390382276
520.9210715588239
493.7086433816098
473.63061125819246
466.99069548935705
473.1692396558623
447.39510734278366
423.92889115848135
416.5487740816666
398.2011858653701
424.58149535381284
441.4981622288937
437.3698613801379
416.8164205468947
443.8491243373119
456.9956466723824
488.4050475435047
490.75851796662494
494.1275121281848
472.7531002704639
471.3810252692437
452.3397235573016
461.69797466104853
447.34383650873457
442.15269096756634
480.2100537769816
487.1024580812908
489.2035310102668
521.2527835401999
554.455942242771
540.8190884156028
537.4613406296594
536.6946929059407
593.5541001000514
594.2929243882975
578.6520359750375
554.9666293261869
514.7895640560896
504.1280021571642
507.3096223993703
493.20266609430337
497.3349285463732
504.3864183078978
521.2926874346549
545.1761163431971
536.2871423220622
574.658626524896
550.505241960797
553.6083966968472
554.567121239329
524.4316938139717
531.9841548662938
512.4710986344639
501.2701103477209
477.53680161384875
454.9690815521054
425.69380242911814
438.7711390795718
440.4950306466005
482.13341986133963
489.3037218064398
489.2806938446443
503.16701486053853
519.2018248144911
540.5853541081898
526.6456740438092
508.51529357978313
487.3929139188843
564.8646367126298
580.342415920957
617.2414827764009
633.542654526204
627.2754231168342
640.5718211162329
643.1055127980434
650.1238211308757
648.0505296630723
634.2329302648691
645.9977753221525
646.7197671974714
670.8860261486294
657.0142706146293
664.7636685172515
653.646949203469
627.4157445306382
655.3007426949097
643.64534639081
623.2411653065669
629.3081368193482
634.2161103421225
619.3780943250501
606.4478722178673
605.2389859872003
616.3662432368611
636.71308787931
669.5137421920416
693.2909994478703
668.1951439923544
694.8931799272491
696.4410516797884
684.948032768589
682.1443026168185
682.890519908349
662.8610874674782
662.8940360900978
648.5519628030256
651.607742247197
625.7325080355615
621.4201470437135
612.7025367730425
554.2024293619774
594.7925885528318
602.1641898745232
566.3814145236746
527.3609147848694
481.47905920139965
441.1257215140965
444.02477938564897
455.41745546035276
472.7407607264632
446.9554316607894
458.68418577550193
465.561849730616
461.65702557465585
443.17907909099387
448.02533402729586
431.4712710826543
415.2259253331516
411.7083631352396
416.89155186084383
420.33906407431755
412.78178765511586
392.76915680644237
394.31074505880105
416.8994058174564
419.72937082944503
420.176845699057
441.3021541887748
462.3451452319529
460.4549120906205
413.2659672183215
450.68425721536437
418.4650446617853
450.8579507094636
448.77518170325607
445.2772725723404
423.42747282454457
402.7930989491321
386.2334318108291
417.3650220007461
426.3657696338139
442.28987915679926
468.37265936099675
493.1073653033135
488.3609354082119
483.6080398417461
487.5667787339521
489.1579665500076
521.1697566602957
548.1072380068459
544.8395186797471
510.6395907458095
517.4416121938559
545.4648782888058
539.5500548026113
552.5356666353539
550.4905973694789
531.3322543058683
530.5005216185289
540.9431640683107
532.8660398928001
522.9721434835923
539.1758003336604
513.1982292641347
475.61619013290186
456.39686689546306
473.2598250656249
487.7164391215542
454.59280105654915
421.4248206048969
424.9423935884446
445.9661815293198
435.3881295178004
436.8064748372119
431.1055763236646
449.68094630145805
443.1480624991141
445.88157581129633
450.7157702416018
469.14281909296767
461.8134569491488
451.0828199888129
433.5459647882609
452.44489148974606
449.11099672624715
469.16237754626144
481.135104918624
471.1307534368004
446.6015953352506
453.37380446479955
477.2732296921117
480.56973489291454
468.84115415516453
504.5782934819474
497.8399335809285
493.7126641028256
501.98171321281404
500.6239248712077
494.8685027365056
459.9928669187737
413.1950488633406
382.2079319346824
367.46971274052635
335.0588497969688
329.355138911618
352.93268637217125
384.0337855073825
365.9309396123026
378.0423732054584
376.60600572920424
347.94964261574097
313.9423601207991
295.9001472750104
286.90039161834943
260.6968536248608
252.90689703368696
242.96513142993805
269.7714878757931
266.84729034065094
267.46735953536495
287.0955485776981
254.09667676390438
241.8917609225181
231.2846917179362
215.19843440891893
213.8107391046257
205.45204041659525
241.0079844363373
242.6175740384369
242.04210070304
234.32439911959884
223.36085686742575
227.4779125381651
232.97559941558424
215.7745434140343
198.9867479672678
222.36628209190664
224.11014781339594
227.75845384647062
266.6903539107346
273.85796609221535
259.468472848717
259.36459974054486
261.1778176313758
226.3257597394718
260.6932196828428
241.11082521842462
246.66495492708594
258.2927678601514
240.77576892449903
247.30429014722316
223.16397007901787
257.5257672154098
297.8578151649776
279.3415413261566
292.5676333969904
285.04835770022567
284.2650407083418
282.4559258915282
277.3902516252814
297.07687644400715
343.30689022659374
316.8923476895774
299.83293535244405
304.00156080516706
305.9066486479382
301.63764069697856
334.89620036391364
311.7752710555675
292.1805026086545
301.522232030332
291.2314436359945
267.4333169756165
294.80712349182073
300.7775596195646
330.4103400967052
331.9750078171082
334.77076702461216
336.19465685319034
346.61323196585806
353.0853362803571
374.06886428959496
342.1181450018078
354.7518934132986
404.9175519629527
409.6573997987128
433.8874314678062
420.02830940420324
400.78045721636727
401.3988484265209
406.1574211125042
409.8773306510911
425.7417224355666
474.588380271748
462.4432763996053
476.466485351082
480.6953343661033
520.0799956422042
516.2328517805964
480.2289159654137
453.1302739412825
454.48303079095706
472.0025921371681
515.7638213490825
496.5761559427779
453.91767392996246
475.15856013244104
471.26064104602034
445.81782136595837
435.0785171751376
418.83286910572235
398.92151167024457
357.5895840347733
